[gd_resource type="Skin" format=3 uid="uid://bcyaquqc2c43q"]

[resource]
resource_name = "Skin"
bind_count = 44
bind/0/name = &"root"
bind/0/bone = -1
bind/0/pose = Transform3D(1, 0, 0, 0, 1, 9.818691e-06, 0, -9.818691e-06, 1, 0, 46.432213, 1.3628924)
bind/1/name = &"body"
bind/1/bone = -1
bind/1/pose = Transform3D(1, 0, 0, 0, 1, -7.549517e-08, 0, 7.549517e-08, 1, 0, -3.291607, 1.3633517)
bind/2/name = &"body_top0"
bind/2/bone = -1
bind/2/pose = Transform3D(1, 0, 0, 0, 1, -7.54979e-08, 0, 7.54979e-08, 1, 0, -9.857857, 1.3633518)
bind/3/name = &"body_top1"
bind/3/bone = -1
bind/3/pose = Transform3D(1, 0, 0, 0, 1, -3.275887e-08, 0, 3.275887e-08, 1, 0, -20.955101, 1.3633527)
bind/4/name = &"body_top2"
bind/4/bone = -1
bind/4/pose = Transform3D(1, 0, 0, 0, 1, -1.143898e-07, 0, 1.143898e-07, 1, 0, -26.533575, 1.3633506)
bind/5/name = &"shoulder_right"
bind/5/bone = -1
bind/5/pose = Transform3D(-0.6992756, 0.6945959, -0.16896605, -0.69459593, -0.71607697, -0.0690665, -0.16896603, 0.06906662, 0.983199, -24.166872, 17.46818, -0.5144053)
bind/6/name = &"arm_right_top"
bind/6/bone = -1
bind/6/pose = Transform3D(-0.870316, 0.3837065, -0.30873713, -0.38370666, -0.9212802, -0.06333916, -0.30873707, 0.063339375, 0.94903606, -17.274029, 22.18835, -1.4195864)
bind/7/name = &"arm_right_bot"
bind/7/bone = -1
bind/7/pose = Transform3D(-0.015447456, 0.27022716, 0.9626725, -0.27022707, -0.92808795, 0.2561829, 0.96267223, -0.25618267, 0.08735922, -0.43991223, 9.965798, 15.948343)
bind/8/name = &"arm_right_hand"
bind/8/bone = -1
bind/8/pose = Transform3D(-0.936187, 0.1996405, 0.2893034, -0.19964066, -0.9794149, 0.029830284, 0.28930327, -0.029829858, 0.9567724, -15.238565, -0.9729396, 5.0851493)
bind/9/name = &"index_right0"
bind/9/bone = -1
bind/9/pose = Transform3D(0.97958505, 0.061113976, 0.19151346, -0.061113957, -0.81704694, 0.57332283, 0.19151336, -0.57332283, -0.7966324, 16.296688, 0.10458021, 2.4752054)
bind/10/name = &"index_right1"
bind/10/bone = -1
bind/10/pose = Transform3D(0.99999774, 0.0002424149, 0.001931543, -0.00024283372, -0.96897525, 0.24715723, 0.0019314976, -0.24715726, -0.9689733, 16.636936, -2.3613153, 0.17908765)
bind/11/name = &"index_right2"
bind/11/bone = -1
bind/11/pose = Transform3D(0.615832, -0.15249392, -0.77297854, 0.15249321, -0.9394681, 0.30683076, -0.77297854, -0.3068306, -0.5553004, 10.528994, -1.2784569, -13.388524)
bind/12/name = &"index_right3"
bind/12/bone = -1
bind/12/pose = Transform3D(0.61583734, -0.15249184, -0.77297467, 0.15249196, -0.93946856, 0.30682987, -0.7729746, -0.30683017, -0.55530614, 10.529086, -2.7859468, -13.388447)
bind/13/name = &"index_right3_end"
bind/13/bone = -1
bind/13/pose = Transform3D(0.6158401, -0.15249176, -0.7729725, 0.1524919, -0.93946826, 0.3068311, -0.7729724, -0.3068313, -0.5553085, 10.529126, -3.5396826, -13.388414)
bind/14/name = &"thumb_right0"
bind/14/bone = -1
bind/14/pose = Transform3D(0.52528304, -0.3921045, -0.7552027, 0.3921042, -0.676131, 0.6237794, -0.75520253, -0.6237795, -0.20141444, 9.363906, 6.636648, -11.2813015)
bind/15/name = &"thumb_right1"
bind/15/bone = -1
bind/15/pose = Transform3D(0.5252854, -0.39210346, -0.75520176, 0.3921031, -0.6761313, 0.6237799, -0.7552017, -0.6237799, -0.20141704, 9.36394, 5.828415, -11.281283)
bind/16/name = &"thumb_right2"
bind/16/bone = -1
bind/16/pose = Transform3D(0.5252841, -0.3921042, -0.75520235, 0.39210373, -0.6761311, 0.6237798, -0.7552023, -0.6237797, -0.20141548, 9.363923, 4.858568, -11.281295)
bind/17/name = &"thumb_right3"
bind/17/bone = -1
bind/17/pose = Transform3D(0.5252859, -0.39210337, -0.7552016, 0.39210317, -0.67613107, 0.6237801, -0.75520134, -0.62378025, -0.20141721, 9.363949, 4.0503416, -11.281279)
bind/18/name = &"thumb_right3_end"
bind/18/bone = -1
bind/18/pose = Transform3D(0.52528584, -0.3921033, -0.7552016, 0.39210322, -0.6761311, 0.6237801, -0.7552013, -0.6237803, -0.20141721, 9.363948, 3.6462352, -11.281279)
bind/19/name = &"shoulder_left"
bind/19/bone = -1
bind/19/pose = Transform3D(-0.6992756, -0.6945959, 0.16896605, 0.69459593, -0.71607697, -0.0690665, 0.16896603, 0.06906662, 0.983199, 24.166872, 17.46818, -0.5144053)
bind/20/name = &"arm_left_top"
bind/20/bone = -1
bind/20/pose = Transform3D(-0.870316, -0.3837065, 0.30873713, 0.38370666, -0.9212802, -0.06333916, 0.30873707, 0.063339375, 0.94903606, 17.274029, 22.18835, -1.4195864)
bind/21/name = &"arm_left_bot"
bind/21/bone = -1
bind/21/pose = Transform3D(-0.015447456, -0.27022716, -0.9626725, 0.27022707, -0.92808795, 0.2561829, -0.96267223, -0.25618267, 0.08735922, 0.43991223, 9.965798, 15.948343)
bind/22/name = &"arm_left_hand"
bind/22/bone = -1
bind/22/pose = Transform3D(-0.936187, -0.1996405, -0.2893034, 0.19964066, -0.9794149, 0.029830284, -0.28930327, -0.029829858, 0.9567724, 15.238565, -0.9729396, 5.0851493)
bind/23/name = &"index_left0"
bind/23/bone = -1
bind/23/pose = Transform3D(0.97958505, -0.061113976, -0.19151346, 0.061113957, -0.81704694, 0.57332283, -0.19151336, -0.57332283, -0.7966324, -16.296688, 0.10458021, 2.4752054)
bind/24/name = &"index_left1"
bind/24/bone = -1
bind/24/pose = Transform3D(0.99999774, -0.0002424149, -0.001931543, 0.00024283372, -0.96897525, 0.24715723, -0.0019314976, -0.24715726, -0.9689733, -16.636936, -2.3613153, 0.17908765)
bind/25/name = &"index_left2"
bind/25/bone = -1
bind/25/pose = Transform3D(0.615832, 0.15249392, 0.77297854, -0.15249321, -0.9394681, 0.30683076, 0.77297854, -0.3068306, -0.5553004, -10.528994, -1.2784569, -13.388524)
bind/26/name = &"index_left3"
bind/26/bone = -1
bind/26/pose = Transform3D(0.61583734, 0.15249184, 0.77297467, -0.15249196, -0.93946856, 0.30682987, 0.7729746, -0.30683017, -0.55530614, -10.529086, -2.7859468, -13.388447)
bind/27/name = &"index_left3_end"
bind/27/bone = -1
bind/27/pose = Transform3D(0.6158401, 0.15249176, 0.7729725, -0.1524919, -0.93946826, 0.3068311, 0.7729724, -0.3068313, -0.5553085, -10.529126, -3.5396826, -13.388414)
bind/28/name = &"thumb_left0"
bind/28/bone = -1
bind/28/pose = Transform3D(0.52528304, 0.3921045, 0.7552027, -0.3921042, -0.676131, 0.6237794, 0.75520253, -0.6237795, -0.20141444, -9.363906, 6.636648, -11.2813015)
bind/29/name = &"thumb_left1"
bind/29/bone = -1
bind/29/pose = Transform3D(0.5252854, 0.39210346, 0.75520176, -0.3921031, -0.6761313, 0.6237799, 0.7552017, -0.6237799, -0.20141704, -9.36394, 5.828415, -11.281283)
bind/30/name = &"thumb_left2"
bind/30/bone = -1
bind/30/pose = Transform3D(0.5252841, 0.3921042, 0.75520235, -0.39210373, -0.6761311, 0.6237798, 0.7552023, -0.6237797, -0.20141548, -9.363923, 4.858568, -11.281295)
bind/31/name = &"thumb_left3"
bind/31/bone = -1
bind/31/pose = Transform3D(0.5252859, 0.39210337, 0.7552016, -0.39210317, -0.67613107, 0.6237801, 0.75520134, -0.62378025, -0.20141721, -9.363949, 4.0503416, -11.281279)
bind/32/name = &"thumb_left3_end"
bind/32/bone = -1
bind/32/pose = Transform3D(0.52528584, 0.3921033, 0.7552016, -0.39210322, -0.6761311, 0.6237801, 0.7552013, -0.6237803, -0.20141721, -9.363948, 3.6462352, -11.281279)
bind/33/name = &"neck"
bind/33/bone = -1
bind/33/pose = Transform3D(1, 0, 0, 0, 0.2551034, 0.9669137, 0, -0.9669137, 0.2551035, 0, -7.2385187, 32.780342)
bind/34/name = &"head"
bind/34/bone = -1
bind/34/pose = Transform3D(1, 0, 0, 0, 0.25510374, 0.96691364, 0, -0.96691364, 0.25510383, 0, -15.425991, 32.78034)
bind/35/name = &"head_end"
bind/35/bone = -1
bind/35/pose = Transform3D(1, 0, 0, 0, 0.2551038, 0.9669135, 0, -0.9669135, 0.2551039, 0, -19.519726, 32.78033)
bind/36/name = &"leg_right_top"
bind/36/bone = -1
bind/36/pose = Transform3D(-1, 0, 0, 0, -1, 7.549517e-08, 0, 7.549517e-08, 1, -4.0487595, 3.5918002, 1.7990335)
bind/37/name = &"leg_right_bot"
bind/37/bone = -1
bind/37/pose = Transform3D(-1, 0, 0, 0, -1, 8.017929e-08, 0, 8.017929e-08, 1, -4.0487595, -14.703627, 1.7990336)
bind/38/name = &"leg_right_foot"
bind/38/bone = -1
bind/38/pose = Transform3D(-1, 0, 0, 0, -1.0000001, 1.5162055e-07, 0, 1.5162054e-07, 1, -4.0487595, -40.16814, 1.7990365)
bind/39/name = &"leg_right_foot_end"
bind/39/bone = -1
bind/39/pose = Transform3D(-1, 0, 0, 0, -1.0000001, 7.549792e-08, 0, 7.549791e-08, 1, -4.0487595, -46.432205, 1.7990329)
bind/40/name = &"leg_left_top"
bind/40/bone = -1
bind/40/pose = Transform3D(-1, 0, 0, 0, -1, 7.549517e-08, 0, 7.549517e-08, 1, 4.0487595, 3.5918002, 1.7990335)
bind/41/name = &"leg_left_bot"
bind/41/bone = -1
bind/41/pose = Transform3D(-1, 0, 0, 0, -1, 8.017929e-08, 0, 8.017929e-08, 1, 4.0487595, -14.703627, 1.7990336)
bind/42/name = &"leg_left_foot"
bind/42/bone = -1
bind/42/pose = Transform3D(-1, 0, 0, 0, -1.0000001, 1.5162055e-07, 0, 1.5162054e-07, 1, 4.0487595, -40.16814, 1.7990365)
bind/43/name = &"leg_left_foot_end"
bind/43/bone = -1
bind/43/pose = Transform3D(-1, 0, 0, 0, -1.0000001, 7.549792e-08, 0, 7.549791e-08, 1, 4.0487595, -46.432205, 1.7990329)
